33,35
3,2
10,191
10,124
10,227
10,246
10,69
10,203
10,169
10,2
10,3
11,15
11,8
11,7
11,13
11,12
11,2
11,3
9,5
9,2
9,3
8,6
8,13
8,9
8,16
8,12
8,2
8,3
12,2
12,1
12,3
20,2
20,1
20,3
32,4
32,3
19,2
32,2
32,1
19,1
32,0
31,4
31,3
31,2
31,1
19,3
31,0
30,7
30,6
30,5
30,4
30,3
30,2
30,1
30,0
29,3
29,2
29,1
29,0
28,5
28,4
28,3
28,2
28,1
28,0
27,4
27,3
27,2
27,1
27,0
26,4
26,3
26,2
26,1
26,0
25,4
25,3
25,2
25,1
25,0
24,3
24,2
24,1
24,0
23,4
23,3
23,2
23,1
23,0
11,28
11,27
11,26
11,25
11,24
11,1
18,1
11,23
10,310
10,309
10,308
10,307
10,306
10,305
